1,0
2,1
3,2
4,3
5,4
6,5
8,6
9,7
10,8
11,9
12,10
13,11
14,12
15,13
16,14
17,15
19,16
20,17
21,18
22,19
23,20
24,21
26,22
27,23
28,24
29,25
30,26
31,27
32,28
33,29
34,30
35,31
36,32
37,33
38,34
39,35
40,36
41,37
42,38
43,39
45,40
46,41
47,42
48,43
50,44
51,45
52,46
54,47
55,48
56,49
57,50
59,51
61,52
62,53
63,54
64,55
65,56
66,57
67,58
69,59
70,60
71,61
72,62
73,63
74,64
75,65
77,66
78,67
79,68
80,69
81,70
82,71
83,72
84,73
85,74
86,75
87,76
88,77
90,78
91,79
93,80
94,81
95,82
96,83
97,84
98,85
99,86
100,87
101,88
102,89
103,90
105,91
106,92
107,93
108,94
109,95
110,96
112,97
113,98
114,99
116,100
117,101
118,102
119,103
121,104
122,105
124,106
125,107
126,108
127,109
128,110
129,111
131,112
132,113
133,114
134,115
135,116
136,117
137,118
138,119
139,120
141,121
142,122
144,123
145,124
147,125
148,126
149,127
151,128
152,129
153,130
154,131
156,132
157,133
159,134
160,135
161,136
162,137
163,138
164,139
166,140
167,141
168,142
169,143
171,144
172,145
173,146
174,147
176,148
177,149
179,150
180,151
182,152
183,153
184,154
185,155
186,156
187,157
189,158
190,159
191,160
192,161
193,162
195,163
196,164
197,165
199,166
200,167
201,168
203,169
204,170
205,171
206,172
208,173
210,174
211,175
212,176
213,177
214,178
215,179
217,180
219,181
220,182
221,183
223,184
225,185
226,186
227,187
229,188
230,189
232,190
233,191
234,192
235,193
236,194
238,195
239,196
241,197
242,198
243,199
245,200
246,201
247,202
248,203
249,204
250,205
251,206
252,207
254,208
255,209
256,210
257,211
259,212
260,213
261,214
262,215
263,216
264,217
265,218
266,219
268,220
269,221
270,222
271,223
273,224
274,225
275,226
276,227
277,228
279,229
280,230
282,231
283,232
284,233
285,234
286,235
287,236
289,237
290,238
292,239
293,240
294,241
297,242
298,243
299,244
301,245
303,246
305,247
306,248
307,249
309,250
310,251
311,252
312,253
314,254
315,255
316,256
318,257
319,258
321,259
323,260
324,261
325,262
326,263
327,264
328,265
329,266
331,267
332,268
333,269
334,270
335,271
337,272
338,273
340,274
341,275
343,276
344,277
345,278
346,279
347,280
348,281
350,282
351,283
352,284
353,285
355,286
356,287
357,288
358,289
360,290
361,291
362,292
363,293
365,294
367,295
369,296
371,297
372,298
374,299
376,300
377,301
378,302
379,303
380,304
381,305
382,306
383,307
384,308
385,309
387,310
388,311
389,312
390,313
391,314
393,315
394,316
395,317
397,318
398,319
399,320
400,321
402,322
403,323
404,324
405,325
407,326
408,327
409,328
410,329
411,330
412,331
413,332
414,333
415,334
417,335
418,336
419,337
420,338
422,339
425,340
426,341
427,342
428,343
429,344
430,345
431,346
432,347
433,348
434,349
435,350
436,351
437,352
438,353
439,354
441,355
442,356
443,357
444,358
446,359
447,360
448,361
449,362
450,363
451,364
452,365
453,366
456,367
457,368
458,369
459,370
460,371
461,372
462,373
464,374
465,375
466,376
467,377
469,378
470,379
471,380
472,381
473,382
474,383
476,384
477,385
478,386
479,387
480,388
481,389
483,390
484,391
485,392
487,393
488,394
490,395
491,396
492,397
493,398
494,399
495,400
496,401
497,402
498,403
500,404
501,405
502,406
503,407
504,408
505,409
506,410
508,411
509,412
511,413
512,414
513,415
514,416
516,417
517,418
518,419
519,420
522,421
523,422
524,423
525,424
527,425
528,426
529,427
530,428
531,429
533,430
534,431
535,432
536,433
537,434
540,435
542,436
544,437
545,438
547,439
548,440
549,441
550,442
552,443
554,444
555,445
557,446
558,447
559,448
560,449
562,450
563,451
564,452
566,453
567,454
571,455
572,456
575,457
578,458
579,459
580,460
581,461
583,462
584,463
586,464
587,465
588,466
590,467
591,468
592,469
594,470
595,471
596,472
597,473
599,474
600,475
601,476
603,477
604,478
605,479
606,480
607,481
609,482
611,483
613,484
615,485
616,486
617,487
618,488
620,489
622,490
624,491
625,492
627,493
628,494
629,495
631,496
632,497
633,498
634,499
635,500
636,501
637,502
639,503
641,504
642,505
644,506
645,507
646,508
647,509
648,510
649,511
650,512
652,513
654,514
656,515
657,516
659,517
660,518
661,519
663,520
664,521
665,522
666,523
668,524
669,525
670,526
672,527
673,528
675,529
676,530
678,531
679,532
680,533
683,534
684,535
686,536
687,537
688,538
689,539
690,540
691,541
692,542
693,543
695,544
696,545
697,546
698,547
699,548
701,549
703,550
704,551
705,552
706,553
707,554
708,555
709,556
710,557
711,558
713,559
714,560
717,561
718,562
720,563
721,564
723,565
725,566
726,567
728,568
729,569
731,570
732,571
734,572
736,573
737,574
738,575
739,576
740,577
741,578
743,579
744,580
745,581
747,582
748,583
749,584
751,585
753,586
754,587
755,588
756,589
757,590
758,591
759,592
760,593
762,594
763,595
764,596
766,597
767,598
768,599
769,600
770,601
771,602
773,603
774,604
775,605
776,606
777,607
778,608
780,609
781,610
782,611
783,612
784,613
785,614
786,615
787,616
789,617
790,618
792,619
793,620
795,621
796,622
797,623
798,624
799,625
801,626
802,627
804,628
805,629
806,630
809,631
810,632
811,633
812,634
813,635
814,636
815,637
816,638
819,639
820,640
821,641
822,642
826,643
829,644
831,645
832,646
833,647
835,648
836,649
837,650
839,651
840,652
841,653
842,654
843,655
846,656
848,657
849,658
852,659
854,660
857,661
858,662
859,663
860,664
862,665
863,666
864,667
866,668
867,669
868,670
870,671
871,672
873,673
874,674
876,675
879,676
880,677
881,678
883,679
884,680
886,681
892,682
893,683
895,684
898,685
899,686
900,687
901,688
902,689
903,690
904,691
906,692
908,693
909,694
911,695
912,696
913,697
914,698
918,699
919,700
920,701
921,702
922,703
924,704
925,705
926,706
928,707
930,708
931,709
932,710
933,711
934,712
935,713
936,714
938,715
939,716
944,717
946,718
947,719
949,720
950,721
952,722
954,723
955,724
957,725
958,726
959,727
960,728
961,729
962,730
963,731
964,732
965,733
967,734
968,735
969,736
970,737
973,738
974,739
976,740
977,741
978,742
979,743
980,744
981,745
982,746
983,747
984,748
985,749
986,750
987,751
990,752
991,753
992,754
995,755
996,756
997,757
998,758
999,759
1000,760
1001,761
1002,762
1003,763
1004,764
1005,765
1007,766
1008,767
1009,768
1011,769
1012,770
1013,771
1014,772
1016,773
1017,774
1018,775
1019,776
1021,777
1023,778
1025,779
1026,780
1027,781
1028,782
1029,783
1030,784
1031,785
1032,786
1034,787
1037,788
1038,789
1039,790
1041,791
1043,792
1044,793
1045,794
1046,795
1047,796
1048,797
1049,798
1051,799
1052,800
1053,801
1054,802
1056,803
1057,804
1058,805
1059,806
1061,807
1062,808
1063,809
1065,810
1066,811
1069,812
1070,813
1071,814
1073,815
1074,816
1078,817
1080,818
1081,819
1082,820
1084,821
1086,822
1088,823
1090,824
1091,825
1093,826
1095,827
1097,828
1099,829
1100,830
1102,831
1104,832
1105,833
1106,834
1107,835
1108,836
1109,837
1110,838
1111,839
1112,840
1114,841
1115,842
1116,843
1117,844
1119,845
1120,846
1122,847
1124,848
1125,849
1126,850
1128,851
1129,852
1130,853
1131,854
1132,855
1134,856
1135,857
1137,858
1139,859
1141,860
1143,861
1144,862
1146,863
1147,864
1148,865
1149,866
1152,867
1153,868
1154,869
1155,870
1156,871
1157,872
1158,873
1159,874
1161,875
1164,876
1168,877
1169,878
1170,879
1171,880
1172,881
1173,882
1174,883
1176,884
1177,885
1178,886
1179,887
1180,888
1181,889
1182,890
1184,891
1185,892
1187,893
1188,894
1190,895
1192,896
1193,897
1196,898
1198,899
1199,900
1200,901
1202,902
1204,903
1207,904
1209,905
1213,906
1215,907
1216,908
1221,909
1223,910
1224,911
1225,912
1227,913
1228,914
1229,915
1231,916
1232,917
1233,918
1234,919
1237,920
1238,921
1239,922
1240,923
1241,924
1242,925
1246,926
1247,927
1249,928
1252,929
1254,930
1255,931
1256,932
1257,933
1259,934
1263,935
1264,936
1266,937
1268,938
1269,939
1270,940
1272,941
1273,942
1275,943
1276,944
1280,945
1281,946
1283,947
1284,948
1286,949
1287,950
1289,951
1290,952
1293,953
1294,954
1295,955
1297,956
1302,957
1303,958
1304,959
1309,960
1311,961
1312,962
1313,963
1316,964
1317,965
1319,966
1320,967
1323,968
1324,969
1325,970
1326,971
1327,972
1329,973
1330,974
1332,975
1333,976
1336,977
1337,978
1338,979
1340,980
1341,981
1342,982
1347,983
1348,984
1350,985
1351,986
1352,987
1354,988
1355,989
1356,990
1358,991
1359,992
1360,993
1361,994
1362,995
1364,996
1366,997
1367,998
1369,999
1370,1000
1372,1001
1373,1002
1374,1003
1376,1004
1377,1005
1378,1006
1381,1007
1382,1008
1383,1009
1384,1010
1385,1011
1386,1012
1387,1013
1388,1014
1389,1015
1390,1016
1392,1017
1394,1018
1395,1019
1396,1020
1398,1021
1402,1022
1403,1023
1405,1024
1406,1025
1407,1026
1408,1027
1409,1028
1410,1029
1411,1030
1414,1031
1416,1032
1420,1033
1421,1034
1422,1035
1424,1036
1425,1037
1426,1038
1427,1039
1428,1040
1431,1041
1432,1042
1434,1043
1435,1044
1436,1045
1437,1046
1439,1047
1440,1048
1441,1049
1442,1050
1443,1051
1446,1052
1447,1053
1448,1054
1449,1055
1450,1056
1451,1057
1452,1058
1454,1059
1455,1060
1456,1061
1458,1062
1460,1063
1462,1064
1463,1065
1466,1066
1467,1067
1469,1068
1471,1069
1472,1070
1473,1071
1474,1072
1477,1073
1478,1074
1480,1075
1481,1076
1482,1077
1483,1078
1484,1079
1486,1080
1487,1081
1488,1082
1489,1083
1492,1084
1493,1085
1495,1086
1496,1087
1497,1088
1498,1089
1499,1090
1503,1091
1504,1092
1505,1093
1506,1094
1508,1095
1509,1096
1510,1097
1513,1098
1514,1099
1515,1100
1517,1101
1518,1102
1519,1103
1520,1104
1521,1105
1522,1106
1523,1107
1527,1108
1529,1109
1530,1110
1531,1111
1532,1112
1533,1113
1535,1114
1538,1115
1539,1116
1541,1117
1543,1118
1548,1119
1549,1120
1550,1121
1552,1122
1553,1123
1554,1124
1555,1125
1556,1126
1557,1127
1559,1128
1560,1129
1561,1130
1563,1131
1565,1132
1566,1133
1568,1134
1569,1135
1571,1136
1573,1137
1574,1138
1575,1139
1576,1140
1578,1141
1580,1142
1583,1143
1584,1144
1586,1145
1587,1146
1588,1147
1589,1148
1590,1149
1592,1150
1593,1151
1596,1152
1598,1153
1599,1154
1600,1155
1602,1156
1603,1157
1605,1158
1608,1159
1609,1160
1611,1161
1612,1162
1613,1163
1615,1164
1616,1165
1618,1166
1621,1167
1622,1168
1624,1169
1627,1170
1628,1171
1631,1172
1632,1173
1633,1174
1634,1175
1635,1176
1636,1177
1639,1178
1642,1179
1643,1180
1644,1181
1645,1182
1647,1183
1648,1184
1649,1185
1650,1186
1652,1187
1654,1188
1656,1189
1657,1190
1658,1191
1660,1192
1661,1193
1667,1194
1668,1195
1670,1196
1671,1197
1673,1198
1676,1199
1677,1200
1679,1201
1681,1202
1683,1203
1684,1204
1685,1205
1686,1206
1687,1207
1688,1208
1689,1209
1690,1210
1691,1211
1692,1212
1696,1213
1697,1214
1698,1215
1699,1216
1700,1217
1702,1218
1703,1219
1705,1220
1706,1221
1707,1222
1711,1223
1712,1224
1716,1225
1717,1226
1720,1227
1723,1228
1724,1229
1725,1230
1726,1231
1727,1232
1728,1233
1729,1234
1732,1235
1734,1236
1735,1237
1736,1238
1737,1239
1739,1240
1743,1241
1744,1242
1745,1243
1748,1244
1749,1245
1750,1246
1751,1247
1752,1248
1754,1249
1755,1250
1756,1251
1757,1252
1758,1253
1760,1254
1761,1255
1762,1256
1764,1257
1765,1258
1766,1259
1768,1260
1769,1261
1771,1262
1773,1263
1774,1264
1775,1265
1776,1266
1777,1267
1778,1268
1779,1269
1782,1270
1784,1271
1786,1272
1790,1273
1794,1274
1796,1275
1799,1276
1801,1277
1802,1278
1804,1279
1805,1280
1811,1281
1813,1282
1815,1283
1816,1284
1817,1285
1819,1286
1820,1287
1821,1288
1822,1289
1824,1290
1825,1291
1829,1292
1831,1293
1832,1294
1837,1295
1839,1296
1840,1297
1841,1298
1842,1299
1844,1300
1845,1301
1846,1302
1848,1303
1849,1304
1850,1305
1851,1306
1852,1307
1855,1308
1856,1309
1857,1310
1859,1311
1860,1312
1862,1313
1864,1314
1865,1315
1866,1316
1867,1317
1868,1318
1871,1319
1873,1320
1876,1321
1877,1322
1878,1323
1879,1324
1880,1325
1881,1326
1882,1327
1884,1328
1885,1329
1887,1330
1889,1331
1890,1332
1891,1333
1892,1334
1895,1335
1897,1336
1901,1337
1903,1338
1905,1339
1907,1340
1909,1341
1910,1342
1912,1343
1916,1344
1917,1345
1919,1346
1920,1347
1922,1348
1923,1349
1924,1350
1925,1351
1926,1352
1928,1353
1930,1354
1931,1355
1936,1356
1937,1357
1938,1358
1941,1359
1942,1360
1943,1361
1945,1362
1947,1363
1948,1364
1951,1365
1953,1366
1954,1367
1956,1368
1957,1369
1959,1370
1961,1371
1962,1372
1965,1373
1966,1374
1969,1375
1970,1376
1971,1377
1972,1378
1973,1379
1974,1380
1975,1381
1976,1382
1979,1383
1981,1384
1982,1385
1984,1386
1985,1387
1986,1388
1987,1389
1989,1390
1991,1391
1992,1392
1993,1393
1994,1394
1995,1395
1997,1396
1998,1397
2002,1398
2005,1399
2007,1400
2009,1401
2011,1402
2013,1403
2014,1404
2016,1405
2018,1406
2022,1407
2023,1408
2024,1409
2025,1410
2032,1411
2034,1412
2037,1413
2039,1414
2042,1415
2044,1416
2045,1417
2047,1418
2049,1419
2050,1420
2051,1421
2052,1422
2054,1423
2056,1424
2058,1425
2060,1426
2061,1427
2062,1428
2063,1429
2064,1430
2065,1431
2067,1432
2073,1433
2074,1434
2076,1435
2077,1436
2079,1437
2080,1438
2082,1439
2084,1440
2086,1441
2087,1442
2089,1443
2095,1444
2096,1445
2098,1446
2100,1447
2101,1448
2104,1449
2106,1450
2107,1451
2108,1452
2109,1453
2111,1454
2112,1455
2113,1456
2114,1457
2115,1458
2116,1459
2119,1460
2121,1461
2124,1462
2125,1463
2130,1464
2133,1465
2135,1466
2137,1467
2138,1468
2139,1469
2140,1470
2141,1471
2144,1472
2145,1473
2148,1474
2149,1475
2150,1476
2151,1477
2153,1478
2154,1479
2155,1480
2156,1481
2157,1482
2159,1483
2160,1484
2162,1485
2164,1486
2165,1487
2166,1488
2167,1489
2170,1490
2172,1491
2174,1492
2179,1493
2180,1494
2181,1495
2182,1496
2183,1497
2185,1498
2186,1499
2187,1500
2189,1501
2192,1502
